000001
000002
000003
000004
000005
000006
000008
000009
000010
000011
000013
000014
000015
000016
000017
000018
000019
000020
000021
000022
000023
000024
000025
000027
000029
000030
000032
000034
000035
000036
000037
000038
000039
000040
000041
000042
000043
000044
000046
000048
000050
000051
000052
000053
000054
000055
000056
000057
000059
000060
000061
000062
000063
000064
000065
000067
000069
000070
000071
000073
000075
000076
000077
000078
000079
000080
000083
000084
000085
000086
000087
000088
000089
000091
000092
000093
000097
000098
000099
000101
000102
000103
000106
000107
000108
000109
000110
000111
000112
000114
000116
000117
000119
000120
000121
000122
000123
000124
000125
000126
000127
000129
000130
000131
000132
000133
000134
000135
000136
000137
000138
000139
000140
000141
000144
000145
000146
000148
000149
000150
000151
000152
000153
000154
000155
000156
000158
000159
000161
000163
000165
000166
000169
000170
000171
000172
000173
000174
000175
000177
000178
000179
000180
000181
000182
000183
000184
000185
000186
000187
000188
000189
000190
000191
000192
000193
000194
000195
000196
000198
000199
000200
000201
000202
000203
000205
000206
000207
000208
000209
000210
000211
000212
000213
000214
000216
000219
000220
000222
000223
000227
000228
000230
000231
000232
000233
000236
000237
000238
000240
000241
000242
000243
000244
000245
000246
000247
000248
000249
000250
000252
000254
000255
000256
000257
000259
000260
000261
000262
000263
000264
000265
000266
000267
000268
000269
000273
000276
000278
000279
000280
000281
000283
000284
000286
000287
000288
000289
000290
000291
000292
000293
000294
000295
000296
000298
000299
000300
000302
000303
000304
000305
000306
000307
000308
000309
000310
000311
000312
000313
000314
000315
000316
000317
000318
000319
000320
000321
000322
000325
000326
000327
000328
000329
000330
000331
000332
000334
000335
000336
000337
000338
000339
000340
000341
000342
000343
000344
000346
000347
000348
000350
000351
000352
000354
000355
000356
000357
000358
000359
000360
000361
000362
000363
000365
000366
000367
000369
000370
000372
000373
000375
000376
000377
000378
000379
000381
000382
000383
000384
000385
000386
000387
000392
000393
000394
000396
000397
000398
000399
000400
000401
000402
000403
000404
000405
000407
000408
000410
000412
000413
000414
000415
000416
000417
000418
000419
000420
000421
000422
000423
000424
000425
000426
000427
000428
000429
000431
000432
000434
000435
000436
000437
000438
000440
000441
000442
000443
000444
000445
000447
000448
000449
000450
000451
000452
000453
000454
000455
000456
000457
000458
000459
000461
000462
000463
000464
000466
000467
000468
000469
000472
000473
000475
000476
000477
000478
000479
000481
000482
000483
000484
000485
000486
000487
000488
000489
000490
000491
000492
000493
000494
000495
000496
000497
000498
000499
000500
000501
000502
000503
000504
000505
000507
000508
000509
000510
000511
000513
000514
000515
000516
000517
000519
000520
000521
000523
000524
000525
000526
000527
000528
000529
000530
000531
000532
000533
000534
000535
000536
000537
000538
000539
000540
000541
000543
000544
000545
000546
000548
000549
000551
000553
000554
000555
000556
000557
000558
000560
000561
000562
000563
000564
000565
000568
000569
000570
000572
000573
000574
000576
000577
000578
000579
000580
000582
000583
000584
000585
000586
000587
000588
000589
000590
000591
000593
000594
000595
000596
000597
000600
000601
000602
000603
000606
000607
000608
000609
000610
000612
000613
000614
000615
000616
000618
000620
000621
000622
000623
000625
000626
000627
000628
000629
000630
000631
000632
000633
000635
000636
000637
000638
000639
000640
000641
000642
000645
000646
000647
000648
000649
000650
000652
000653
000654
000657
000658
000660
000661
000662
000663
000665
000667
000668
000669
000670
000671
000673
000674
000675
000676
000677
000679
000680
000681
000682
000683
000684
000685
000686
000688
000689
000690
000691
000692
000694
000695
000696
000697
000698
000699
000701
000703
000704
000707
000708
000709
000710
000711
000712
000713
000714
000716
000717
000718
000721
000724
000725
000726
000727
000728
000729
000731
000732
000733
000735
000736
000737
000738
000739
000740
000741
000742
000743
000744
000746
000747
000749
000750
000751
000752
000754
000756
000757
000758
000761
000763
000764
000765
000766
000767
000771
000773
000775
000776
000777
000778
000779
000781
000782
000783
000785
000786
000787
000789
000790
000791
000794
000795
000797
000798
000802
000804
000805
000806
000808
